88,65,105,89,88,75,82,66,80,112,90,88,64,74,121,120,64,105,116,77
125,111,80,84,72,92
69,64,85,70,68,102,104,89,73,113,67,84,117,101,66,71,85,84,102,68,69,117,68
118,97,86,118,116,70,112,112,126,71
82,90,90,114,82,114,86,83,80,64,64,114,70,64,112,102,91,90,66,106,83,66,74,64,92,88,80,86,82,64,116,86,82,86,82,84,122
96,92,66,72,96,76,127,98,64,102,68,116,96,98,81,97,100,98,68,64,104,96,64,64,96,68,120,77,104,88,100,101
80,66,99,65,80,92,124,66,80,94,82,98,120,65,73,86,112,80,98,72,81,80,82,64,96,80,81,66,96,88,82
113,73,80,120,93,91,64,92,81,123,64,83
98,107,70,76,106,113,82,70,106,66,103,84,70
107,119,107,67,101,72,65,108,83,76,91,105,73,107
115,102,119,114,80,83,120,83,83,122,66,91
116,96,117,67,124,98,119,80,84,116,126,90,84,124
120,124,116,112,98,105,88,97,98,104,104,64,76,105,76,94,95
104,72,88,92,100,104,81,69,84,120,127,96,105,64,96,66,97,104,73,106
127,91,101,108
86,104,90,70,82,82,87,108,86,79,66,113,86,80,86,118,72
92,112,120,76,92,124,88,84,81,86,65,86,124
83,83,115,81,114,91,66,115,69,83,105,91,77,82,97,79,70
93,84,75,125,95,125,108,93,88,88
89,80,81,81,69,114,80,73,81,80,93,85,88,89,79,124,73,91,64,64,124
81,96,85,76,100,83,71,91,80,124,120,76,85,65,91,67,81
66,67,64,78,64,115,102,71,87,66,65,114,74,91,84,83,76,68,83,90,98,80,100,66,122,68,64,82,66,70,80
121,105,113,125,73,97,91
110,106,83,117,102,107,89,68
77,69,67,79,79,72,76,111,79,77,68,75,65,77,109,74,72,100,77
84,119,65,65,88,94,114,70,101,90,69,84,96,116,92,68,88,106,80,124,101,80,93,84
109,79,109,108,75,109,93,102
65,65,64,89,69,67,64,65,65,65,89,64,117,101,92,97,71,65,65,81,65,72,65,104,65,97,81,64,73,110,97,125,113
64,64,100,84,65,88,96,72,64,66,64,80,64,66,67,64,72,72,64,66,70,96,68,90,64,70,65,100,107,84,72,96,105,117,64,64,72,98,86,67,114,76,65,67,97,72
108,121,108,65,116,100,110,100,110,124,104
105,127,105,72,64,98,105,73,117,98,125,67
101,85,101,100,75,67,117,113,110,85,101,113,101,102,71
67,66,65,65,67,75,77,75,67,71,71,71,82,116,75,64,64,71,71,67,83
90,80,73,82,108,91,114,88,74,84,126
100,64,74,84,102,124,114,84,69,100,96,100,68,71,112,96,110,102,96,105,108,70
112,82,117,98,74,92,114,85,90,112,116,88,64,105,112,112,81,81,113,112,112,104,96,84,116,81,98
75,101,80,67,67,83,125,83,66,77,87
97,113,101,65,73,118,97,101,102,117,97,97,101,102,96,72,96
106,90,96,106,108,72,120,90,88,102,104,123,104,106,88
124,104,92,108,122,125,89,120,120,105,110,116,100,104
85,68,115,96,113,113,85,100,68
72,64,65,77,100,104,64,70,104,64,92,73,104,72,76,64,88,66,123,68,92,90,74,65,72,72,72,104,106,72,83,74,74,74,67,91,72,72,76
103,105,97,71,103,97,66,113,89,108,100,71,105
71,98,69,98,79,69,69,76,87,103,119,71,70,121,82,110
79,78,76,71,78,82
87,87,70,80,70,83,91,71,127,87,79
123,110,71,97,90,115,121,72,105,74
68,96,68,64,118,78,68,77,92,101,64,65,80,100,68,88,76,64,119,64,76,77,65,68,71,64,100,70
73,92,73,89,121,73,97,107,109,77,72,75,80,66,75,88,72,65,105,109,121,73,73,72,64
78,64,70,88,92,80,110,70,74,79,90,76,66
111,95,121,102,95,109,127,74,119
119,67,111,70,71,107,66,103,94
76,72,69,84,78,101,66,76,125,124,86,77,80,124,126,64,72,64
94,90,85,95,124,93,78,70,90,78
99,68,98,97,115,115,89,99,114,111,78,66,101,100,102,67,66,97,67
70,111,70,68,65,102,119,110,122,94,66,72,66,78,98,71
122,98,114,98,107,116,107,126,66,122,88,82,82,99
74,64,76,102,66,73,94,91,121,67,74,67,74,75,76,106,75,74,74,105,78
95,78,81,115,112,86,127
114,84,98,80,102,81,112,94,112,96,120,83,103,112,112
102,102,67,116,70,100,126,102,111,99,104,105,110
126,83,127,110,126,105,94,86
91,105,80,67,91,115,81,90,72
117,93,84,85,125,80,113,100,101,84,103,119,69,70
